20260730010000
20260730020000
20260730030000
20260731
20260801
20260802
20260803
20260804
20260805
20260806
20260807
20260808
20260809
20260811
20260812
20260813
20260814
20260814000000
20260814010000
20260815
20260816
20260817
20260818
20260819
20260820
20260821
20260822
20260823
20260824
20260825
20260826
20260827
20260828
20260829
20260830
20260831
20260901000000
20260902000000
20260903000000
20260904000000
20260905000000
20260905000001
20260905000002
20260905000003
20260905000004
20260905000005
20260905000006
20260905000007
20260905000008
20260905000009
20260906000000
20260906000001
20260906000002
20260906000003
20260906000004
20260906000005
20260906000006
20260906000007
20260906000008
20260910000000
20260910000002
20260910000003
20260910000004
20260910000005
20260910000006
20260910000007
20260910000009
20260910000010
20260911000000
20260911000001
20260918000000
20260918000001
20260918000002
